eigs = [-4.83
       -9.83
       -29.7
        -61.4
       -88.5
       -133
       -195
       -246
       -315];